{
 "cells": [
  {
   "cell_type": "markdown",
   "id": "4c96a20a-3262-439d-a728-347e967ce0c5",
   "metadata": {},
   "source": [
    "# Mathematics for Machine Learning: Linear Algebra\n",
    "## Week4\n",
    "## Module 4:\n",
    "\n",
    "### Matrices, Multiple Mappings, basis transformation"
   ]
  },
  {
   "cell_type": "markdown",
   "id": "20b54a9d-c10b-4613-86d2-84998227f8dc",
   "metadata": {},
   "source": [
    "### Introduction: Einstein summation convention and the symmetry of the dot product\n",
    "### Non-square matrix multiplication\n",
    "#### Practice Quiz"
   ]
  },
  {
   "cell_type": "code",
   "execution_count": 1,
   "id": "be28153f-8764-4f1c-aaae-dd034f93a7ad",
   "metadata": {},
   "outputs": [],
   "source": [
    "import numpy as np\n",
    "from sympy import solve, Poly, Eq, Function, exp\n",
    "\n",
    "from sympy.abc import x, y, z, a, b\n"
   ]
  },
  {
   "cell_type": "code",
   "execution_count": 2,
   "id": "7b141582",
   "metadata": {},
   "outputs": [],
   "source": [
    "# Q1-2\n",
    "A = np.array([[1, 2 , 3],[4, 0, 1]])\n",
    "B = np.array([[1, 1, 0], [0, 1, 1], [1, 0, 1]])"
   ]
  },
  {
   "cell_type": "code",
   "execution_count": 3,
   "id": "4b5282d4-441c-4d59-a645-1f1bfc889f8b",
   "metadata": {},
   "outputs": [
    {
     "name": "stdout",
     "output_type": "stream",
     "text": [
      "[[4 3 5]\n",
      " [5 4 1]]\n"
     ]
    }
   ],
   "source": [
    "C = A@B\n",
    "print(C)"
   ]
  },
  {
   "cell_type": "code",
   "execution_count": 4,
   "id": "f4923881",
   "metadata": {},
   "outputs": [
    {
     "data": {
      "text/plain": [
       "30"
      ]
     },
     "execution_count": 4,
     "metadata": {},
     "output_type": "execute_result"
    }
   ],
   "source": [
    "# Q3:\n",
    "np.array([2, 4, 5, 6,])@np.array([1, 3, 2, 1])"
   ]
  },
  {
   "cell_type": "code",
   "execution_count": 5,
   "id": "2fb4827e",
   "metadata": {},
   "outputs": [
    {
     "data": {
      "text/plain": [
       "matrix([[ 2,  4,  5,  6],\n",
       "        [ 6, 12, 15, 18],\n",
       "        [ 4,  8, 10, 12],\n",
       "        [ 2,  4,  5,  6]])"
      ]
     },
     "execution_count": 5,
     "metadata": {},
     "output_type": "execute_result"
    }
   ],
   "source": [
    "# Q4:\n",
    "np.matrix('1; 3; 2; 1')@np.matrix('2, 4, 5, 6')"
   ]
  },
  {
   "cell_type": "code",
   "execution_count": 6,
   "id": "08ea2f13",
   "metadata": {},
   "outputs": [
    {
     "data": {
      "text/plain": [
       "matrix([[ 2,  2,  8, -4],\n",
       "        [-6,  0,  0,  6],\n",
       "        [ 0,  1,  4, -1]])"
      ]
     },
     "execution_count": 6,
     "metadata": {},
     "output_type": "execute_result"
    }
   ],
   "source": [
    "# Q5:\n",
    "np.matrix('2,-1;0, 3; 1, 0')@np.matrix([[0, 1, 4, -1],[-2, 0, 0, 2]])"
   ]
  },
  {
   "cell_type": "code",
   "execution_count": 7,
   "id": "cf6b8353",
   "metadata": {},
   "outputs": [
    {
     "data": {
      "text/plain": [
       "matrix([[1., 2., 3.],\n",
       "        [4., 5., 6.]])"
      ]
     },
     "execution_count": 7,
     "metadata": {},
     "output_type": "execute_result"
    }
   ],
   "source": [
    "# Q7\n",
    "np.eye(2)@np.matrix([[1, 2, 3],[4, 5, 6]])"
   ]
  },
  {
   "cell_type": "markdown",
   "id": "b8eeda0f-645c-476f-b8a9-6108fe875e14",
   "metadata": {},
   "source": [
    "## Orthogonal matrices"
   ]
  },
  {
   "cell_type": "markdown",
   "id": "a32f3862",
   "metadata": {},
   "source": [
    "### The Gram–Schmidt process"
   ]
  },
  {
   "cell_type": "code",
   "execution_count": 8,
   "id": "74607129",
   "metadata": {},
   "outputs": [],
   "source": [
    "from grahm_shmidt import *\n"
   ]
  },
  {
   "cell_type": "code",
   "execution_count": 9,
   "id": "2a9b5f83",
   "metadata": {},
   "outputs": [
    {
     "data": {
      "text/plain": [
       "array([[ 0.40824829, -0.1814885 ,  0.04982278,  0.89325973],\n",
       "       [ 0.        ,  0.1088931 ,  0.99349591, -0.03328918],\n",
       "       [ 0.81649658,  0.50816781, -0.06462163, -0.26631346],\n",
       "       [ 0.40824829, -0.83484711,  0.07942048, -0.36063281]])"
      ]
     },
     "execution_count": 9,
     "metadata": {},
     "output_type": "execute_result"
    }
   ],
   "source": [
    "V = np.array([[1,0,2,6],\n",
    "              [0,1,8,2],\n",
    "              [2,8,3,1],\n",
    "              [1,-6,2,3]], dtype=np.float_)\n",
    "gsBasis4(V)"
   ]
  },
  {
   "cell_type": "code",
   "execution_count": 10,
   "id": "5a59cc17",
   "metadata": {},
   "outputs": [
    {
     "data": {
      "text/plain": [
       "array([[ 0.40824829, -0.1814885 ,  0.04982278,  0.89325973],\n",
       "       [ 0.        ,  0.1088931 ,  0.99349591, -0.03328918],\n",
       "       [ 0.81649658,  0.50816781, -0.06462163, -0.26631346],\n",
       "       [ 0.40824829, -0.83484711,  0.07942048, -0.36063281]])"
      ]
     },
     "execution_count": 10,
     "metadata": {},
     "output_type": "execute_result"
    }
   ],
   "source": [
    "# Once you've done Gram-Schmidt once,\n",
    "# doing it again should give you the same result. Test this:\n",
    "U = gsBasis4(V)\n",
    "gsBasis4(U)"
   ]
  },
  {
   "cell_type": "code",
   "execution_count": 11,
   "id": "d108e78c",
   "metadata": {},
   "outputs": [
    {
     "data": {
      "text/plain": [
       "array([[ 0.40824829, -0.1814885 ,  0.04982278,  0.89325973],\n",
       "       [ 0.        ,  0.1088931 ,  0.99349591, -0.03328918],\n",
       "       [ 0.81649658,  0.50816781, -0.06462163, -0.26631346],\n",
       "       [ 0.40824829, -0.83484711,  0.07942048, -0.36063281]])"
      ]
     },
     "execution_count": 11,
     "metadata": {},
     "output_type": "execute_result"
    }
   ],
   "source": [
    "# Try the general function too.\n",
    "gsBasis(V)"
   ]
  },
  {
   "cell_type": "code",
   "execution_count": 12,
   "id": "d408ba78",
   "metadata": {},
   "outputs": [],
   "source": [
    "assert (gsBasis(V) == gsBasis4(V)).all"
   ]
  },
  {
   "cell_type": "code",
   "execution_count": 13,
   "id": "1e329d38",
   "metadata": {},
   "outputs": [
    {
     "data": {
      "text/plain": [
       "array([[ 0.23643312,  0.18771349,  0.22132104],\n",
       "       [ 0.15762208,  0.74769023, -0.64395812],\n",
       "       [ 0.15762208,  0.57790444,  0.72904263],\n",
       "       [ 0.94573249, -0.26786082, -0.06951101]])"
      ]
     },
     "execution_count": 13,
     "metadata": {},
     "output_type": "execute_result"
    }
   ],
   "source": [
    "# See what happens for non-square matrices\n",
    "A = np.array([[3,2,3],\n",
    "              [2,5,-1],\n",
    "              [2,4,8],\n",
    "              [12,2,1]], dtype=np.float_)\n",
    "gsBasis(A)"
   ]
  },
  {
   "cell_type": "code",
   "execution_count": 14,
   "id": "26d08f48",
   "metadata": {},
   "outputs": [
    {
     "data": {
      "text/plain": [
       "3.0"
      ]
     },
     "execution_count": 14,
     "metadata": {},
     "output_type": "execute_result"
    }
   ],
   "source": [
    "dimensions(A)"
   ]
  },
  {
   "cell_type": "code",
   "execution_count": 15,
   "id": "fee4af5e",
   "metadata": {},
   "outputs": [
    {
     "data": {
      "text/plain": [
       "array([[ 0.93704257, -0.12700832, -0.32530002,  0.        ,  0.        ],\n",
       "       [ 0.31234752,  0.72140727,  0.61807005,  0.        ,  0.        ],\n",
       "       [ 0.15617376, -0.6807646 ,  0.71566005,  0.        ,  0.        ]])"
      ]
     },
     "execution_count": 15,
     "metadata": {},
     "output_type": "execute_result"
    }
   ],
   "source": [
    "B = np.array([[6,2,1,7,5],\n",
    "              [2,8,5,-4,1],\n",
    "              [1,-6,3,2,8]], dtype=np.float_)\n",
    "gsBasis(B)"
   ]
  },
  {
   "cell_type": "code",
   "execution_count": 16,
   "id": "8b95906f",
   "metadata": {},
   "outputs": [
    {
     "data": {
      "text/plain": [
       "3.0"
      ]
     },
     "execution_count": 16,
     "metadata": {},
     "output_type": "execute_result"
    }
   ],
   "source": [
    "dimensions(B)"
   ]
  },
  {
   "cell_type": "code",
   "execution_count": 17,
   "id": "19ca728d",
   "metadata": {},
   "outputs": [
    {
     "data": {
      "text/plain": [
       "array([[0.70710678, 0.        , 0.        ],\n",
       "       [0.        , 1.        , 0.        ],\n",
       "       [0.70710678, 0.        , 0.        ]])"
      ]
     },
     "execution_count": 17,
     "metadata": {},
     "output_type": "execute_result"
    }
   ],
   "source": [
    "# Now let's see what happens when we have one vector that is a linear combination of the others.\n",
    "C = np.array([[1,0,2],\n",
    "              [0,1,-3],\n",
    "              [1,0,2]], dtype=np.float_)\n",
    "gsBasis(C)"
   ]
  },
  {
   "cell_type": "code",
   "execution_count": 18,
   "id": "83ec6c53",
   "metadata": {},
   "outputs": [
    {
     "data": {
      "text/plain": [
       "2.0"
      ]
     },
     "execution_count": 18,
     "metadata": {},
     "output_type": "execute_result"
    }
   ],
   "source": [
    "dimensions(C)"
   ]
  },
  {
   "cell_type": "code",
   "execution_count": null,
   "id": "0dc8571f",
   "metadata": {},
   "outputs": [],
   "source": []
  }
 ],
 "metadata": {
  "kernelspec": {
   "display_name": "math_for_ML",
   "language": "python",
   "name": "math_for_ml"
  },
  "language_info": {
   "codemirror_mode": {
    "name": "ipython",
    "version": 3
   },
   "file_extension": ".py",
   "mimetype": "text/x-python",
   "name": "python",
   "nbconvert_exporter": "python",
   "pygments_lexer": "ipython3",
   "version": "3.9.5"
  }
 },
 "nbformat": 4,
 "nbformat_minor": 5
}
